image_width: 720
image_height: 540
camera_name: cam4_sensor_frame
camera_matrix:
  rows: 3
  cols: 3
  data: [349.5636550689, 0.0, 357.2746308879, 0.0, 349.4046775293, 264.3108985411, 0.0, 0.0, 1.0]
distortion_model: equidistant
distortion_coefficients:
  rows: 1
  cols: 4
  data: [-0.0434322688, 0.0061342165, -0.0064640756, 0.0016468178]
rectification_matrix:
  rows: 3
  cols: 3
  data: [1.0, 0.0, 0.0, 0.0, 1.0, 0.0, 0.0, 0.0, 1.0]
projection_matrix:
  rows: 3
  cols: 4
  data: [349.5636550689, 0.0, 357.2746308879, 0.0, 0.0, 349.4046775293, 264.3108985411, 0.0 ,0.0, 0.0, 1.0, 0.0]