image_width: 1920
image_height: 1080
camera_name: inspection_payload_camera
camera_matrix:
  rows: 3
  cols: 3
  data: [14783.999999999978, 0.0, 960.0, 0.0, 14783.999999999978, 540.0, 0.0, 0.0, 1.0]
distortion_model: plumb_bob
distortion_coefficients:
  rows: 1
  cols: 5
  data: [0.0, 0.0, 0.0, 0.0, 0.0]
rectification_matrix:
  rows: 3
  cols: 3
  data: [0.0, 0.0, 0.0, 0.0, 0.0, 0.0, 0.0, 0.0, 0.0]
projection_matrix:
  rows: 3
  cols: 4
  data: [14783.999999999978, 0.0, 960.0, 0.0, 0.0, 14783.999999999978, 540.0, 0.0, 0.0, 0.0, 1.0, 0.0]