image_width: 160
image_height: 120
camera_name: inspection_payload_thermal_camera
camera_matrix:
  rows: 3
  cols: 3
  data: [245.5121576065108, 0.0, 80.5, 0.0, 245.5121576065108, 60.5, 0.0, 0.0, 1.0]
distortion_model: plumb_bob
distortion_coefficients:
  rows: 1
  cols: 5
  data: [0.0, 0.0, 0.0, 0.0, 0.0]
rectification_matrix:
  rows: 3
  cols: 3
  data: [1.0, 0.0, 0.0, 0.0, 1.0, 0.0, 0.0, 0.0, 1.0]
projection_matrix:
  rows: 3
  cols: 4
  data: [245.5121576065108, 0.0, 80.5, -17.18585103245576, 0.0, 245.5121576065108, 60.5, 0.0, 0.0, 0.0, 1.0, 0.0]